run:
0.5272386760711669
Members are: 
10437 7559 7171 638 2807 2820 2826 2903 6903 6909 2955 3081 
0.5264309821495643
Members are: 
10437 7559 7171 638 2807 2820 2826 2903 6903 6909 2955 3081 3174 
0.5237386779785157
Members are: 
10437 7559 7171 638 2807 2826 2903 6903 6909 2955 3081 
0.522238676071167
Members are: 
10344 10437 7171 638 2807 2820 2826 2903 6903 6909 2955 3081 
0.522238676071167
Members are: 
10437 7559 7171 638 2807 2826 2903 6903 6909 2955 3081 3174 
12362
6407
BUILD SUCCESSFUL (total time: 7 seconds)

